t  	||u||(t)    	e(t)
0.0        	0           		0
0.0        	0.2700000000000001           		0
0.0        	0.4800000000000001           		0
0.0        	0.63           		0
0.0        	0.7200000000000001           		0
0.0        	0.75           		0
0.0        	0.75           		0
0.0        	0.75           		0
0.0        	0.75           		0
0.0        	0.75           		0
0.0        	0.75           		0
0.1        	0           		0
0.1        	0.49667603405852945           		0
0.1        	0.6363129494373856           		0
0.1        	0.7189107461365686           		0
0.1        	0.7444694241560783           		0
0.1        	0.7444694241560783           		0.0003034037254502353
0.1        	0.7444694241560783           		0.06029126757643233
0.1        	0.7444694241560783           		0.12025485912937811
0.1        	0.7444694241560783           		0.1801941783842882
0.1        	0.7444694241560783           		0.24010922534116202
0.1        	0.7444694241560783           		0.24010922534116202
0.2        	0           		0
0.2        	0.6650946065538778           		0
0.2        	0.733706222965977           		0
0.2        	0.7439382893705584           		0
0.2        	0.7439382893705584           		0.12017866499159302
0.2        	0.7439382893705584           		0.12017866499159302
0.2        	0.7439382893705584           		0.12017866499159302
0.2        	0.7439382893705584           		0.23442360748032476
0.2        	0.7439382893705584           		0.3384354972146669
0.2        	0.7439382893705584           		0.3384354972146669
0.2        	0.7439382893705584           		0.3384354972146669
0.30000000000000004        	0           		0
0.30000000000000004        	0.7325452136106141           		0
0.30000000000000004        	0.7578364684998372           		0
0.30000000000000004        	0.7578364684998372           		0.3333757155431863
0.30000000000000004        	0.7578364684998372           		0.3333757155431863
0.30000000000000004        	0.7578364684998372           		0.3333757155431863
0.30000000000000004        	0.7578364684998372           		0.3333757155431863
0.30000000000000004        	0.7578364684998372           		0.3333757155431863
0.30000000000000004        	0.7578364684998372           		0.3333757155431863
0.30000000000000004        	0.7578364684998372           		0.3333757155431863
0.30000000000000004        	0.7578364684998372           		0.3333757155431863
0.4        	0           		0
0.4        	0.7169707104938109           		0
0.4        	0.7169707104938109           		0.5623632279730406
0.4        	0.7169707104938109           		0.5623632279730406
0.4        	0.7169707104938109           		0.5623632279730406
0.4        	0.7169707104938109           		0.5623632279730406
0.4        	0.7169707104938109           		0.5623632279730406
0.4        	0.7169707104938109           		0.5623632279730406
0.4        	0.7169707104938109           		0.5623632279730406
0.4        	0.7169707104938109           		0.5623632279730406
0.4        	0.7169707104938109           		0.5623632279730406
0.5        	0           		0
0.5        	0.6409015233232795           		0
0.5        	0.6409015233232795           		0.5999600666806776
0.5        	0.6409015233232795           		0.5999600666806776
0.5        	0.6409015233232795           		0.5999600666806776
0.5        	0.6409015233232795           		0.5999600666806776
0.5        	0.6409015233232795           		0.5999600666806776
0.5        	0.6409015233232795           		0.5999600666806776
0.5        	0.6409015233232795           		0.5999600666806776
0.5        	0.6409015233232795           		0.5999600666806776
0.5        	0.6409015233232795           		0.5999600666806776
0.6000000000000001        	0           		0
0.6000000000000001        	0.514436269948982           		0
0.6000000000000001        	0.514436269948982           		0.5855832960656963
0.6000000000000001        	0.514436269948982           		0.5855832960656963
0.6000000000000001        	0.514436269948982           		0.5855832960656963
0.6000000000000001        	0.514436269948982           		0.5855832960656963
0.6000000000000001        	0.514436269948982           		0.5855832960656963
0.6000000000000001        	0.514436269948982           		0.5855832960656963
0.6000000000000001        	0.514436269948982           		0.5855832960656963
0.6000000000000001        	0.514436269948982           		0.5855832960656963
0.6000000000000001        	0.514436269948982           		0.5855832960656963
0.7000000000000001        	0           		0
0.7000000000000001        	0.3450233965849282           		0
0.7000000000000001        	0.3450233965849282           		0.5225139000934929
0.7000000000000001        	0.3450233965849282           		0.5225139000934929
0.7000000000000001        	0.3450233965849282           		0.5225139000934929
0.7000000000000001        	0.3450233965849282           		0.5225139000934929
0.7000000000000001        	0.3450233965849282           		0.5225139000934929
0.7000000000000001        	0.3450233965849282           		0.5225139000934929
0.7000000000000001        	0.3450233965849282           		0.5225139000934929
0.7000000000000001        	0.3450233965849282           		0.5225139000934929
0.7000000000000001        	0.3450233965849282           		0.5225139000934929
0.8        	0           		0
0.8        	0.14917362093359218           		0
0.8        	0.14917362093359218           		0.43369686525194
0.8        	0.14917362093359218           		0.4547984637119903
0.8        	0.14917362093359218           		0.5476463020518559
0.8        	0.14917362093359218           		0.6677695532308107
0.8        	0.14917362093359218           		0.6677695532308107
0.8        	0.14917362093359218           		0.6677695532308107
0.8        	0.14917362093359218           		0.6677695532308107
0.8        	0.14917362093359218           		0.6677695532308107
0.8        	0.14917362093359218           		0.6677695532308107
0.9        	0           		0
0.9        	0.03708433636471152           		0
0.9        	0.08281268201484464           		0
0.9        	0.08281268201484464           		0.5504870349112825
0.9        	0.08281268201484464           		0.7449183814251312
0.9        	0.08579873619419669           		0.7449183814251312
0.9        	0.08579873619419669           		0.7449183814251312
0.9        	0.08579873619419669           		0.7449183814251312
0.9        	0.08579873619419669           		0.7449183814251312
0.9        	0.08579873619419669           		0.7449183814251312
0.9        	0.08579873619419669           		0.7449183814251312
1.0        	0           		0
1.0        	0.15287389628375822           		0
1.0        	0.15287389628375822           		0.3938884865060754
1.0        	0.15287389628375822           		0.6763024916970468
1.0        	0.15287389628375822           		0.8246264034496813
1.0        	0.15287389628375822           		0.8246264034496813
1.0        	0.15287389628375822           		0.8246264034496813
1.0        	0.15287389628375822           		0.8246264034496813
1.0        	0.15287389628375822           		0.8246264034496813
1.0        	0.15287389628375822           		0.8246264034496813
1.0        	0.15287389628375822           		0.8246264034496813
1.1        	0           		0
1.1        	0.1435379979525233           		0
1.1        	0.1435379979525233           		0.4656484876114831
1.1        	0.1435379979525233           		0.7059612975515416
1.1        	0.1435379979525233           		0.7413153261340009
1.1        	0.1435379979525233           		0.7413153261340009
1.1        	0.1435379979525233           		0.7413153261340009
1.1        	0.1435379979525233           		0.7413153261340009
1.1        	0.1435379979525233           		0.7413153261340009
1.1        	0.1435379979525233           		0.7413153261340009
1.1        	0.1435379979525233           		0.7413153261340009
1.2000000000000002        	0           		0
1.2000000000000002        	0.030035496475778033           		0
1.2000000000000002        	0.08732494953499695           		0
1.2000000000000002        	0.08732494953499695           		0.5777139833441731
1.2000000000000002        	0.08732494953499695           		0.5781258122928403
1.2000000000000002        	0.08732494953499695           		0.5980527460503836
1.2000000000000002        	0.08732494953499695           		0.5980527460503836
1.2000000000000002        	0.08732494953499695           		0.5980527460503836
1.2000000000000002        	0.08732494953499695           		0.5980527460503836
1.2000000000000002        	0.08732494953499695           		0.5980527460503836
1.2000000000000002        	0.08732494953499695           		0.5980527460503836
1.3        	0           		0
1.3        	0.07454309776652643           		0
1.3        	0.07454309776652643           		0.34791393499388024
1.3        	0.07454309776652643           		0.3659733041082307
1.3        	0.07454309776652643           		0.41228458951042435
1.3        	0.07454309776652643           		0.44488138360345725
1.3        	0.07454309776652643           		0.44488138360345725
1.3        	0.07454309776652643           		0.44488138360345725
1.3        	0.07454309776652643           		0.44488138360345725
1.3        	0.07454309776652643           		0.44488138360345725
1.3        	0.07454309776652643           		0.44488138360345725
1.4000000000000001        	0           		0
1.4000000000000001        	0.07105684910359877           		0
1.4000000000000001        	0.07105684910359877           		0.13926222029437618
1.4000000000000001        	0.07105684910359877           		0.17116453545221644
1.4000000000000001        	0.07105684910359877           		0.2305510556526374
1.4000000000000001        	0.07105684910359877           		0.2305510556526374
1.4000000000000001        	0.07105684910359877           		0.2305510556526374
1.4000000000000001        	0.07105684910359877           		0.2305510556526374
1.4000000000000001        	0.07105684910359877           		0.2305510556526374
1.4000000000000001        	0.07105684910359877           		0.2305510556526374
1.4000000000000001        	0.07105684910359877           		0.2305510556526374
1.5        	0           		0
1.5        	0.01034256676843165           		0
1.5        	0.03878229482884903           		0
1.5        	0.03878229482884903           		0.0008787632481521052
1.5        	0.03878229482884903           		0.0008787632481521052
1.5        	0.03878229482884903           		0.0326483847739889
1.5        	0.03878229482884903           		0.03714116338876424
1.5        	0.03878229482884903           		0.03714116338876424
1.5        	0.03878229482884903           		0.03714116338876424
1.5        	0.03878229482884903           		0.03714116338876424
1.5        	0.03878229482884903           		0.03714116338876424
1.6        	0           		0
1.6        	0.055001762351302774           		0
1.6        	0.055001762351302774           		0.1578702257748322
1.6        	0.055001762351302774           		0.18988911859501678
1.6        	0.055001762351302774           		0.2526131497275906
1.6        	0.055001762351302774           		0.27175873032063014
1.6        	0.055001762351302774           		0.27175873032063014
1.6        	0.055001762351302774           		0.27175873032063014
1.6        	0.055001762351302774           		0.27175873032063014
1.6        	0.055001762351302774           		0.27175873032063014
1.6        	0.055001762351302774           		0.27175873032063014
1.7000000000000002        	0           		0
1.7000000000000002        	0.016959287273222302           		0
1.7000000000000002        	0.016959287273222302           		0.27030405392375256
1.7000000000000002        	0.02551036712048252           		0.27030405392375256
1.7000000000000002        	0.04726658114121203           		0.27030405392375256
1.7000000000000002        	0.04726658114121203           		0.4761654317744023
1.7000000000000002        	0.04726658114121203           		0.4761654317744023
1.7000000000000002        	0.04726658114121203           		0.4761654317744023
1.7000000000000002        	0.04726658114121203           		0.4761654317744023
1.7000000000000002        	0.04726658114121203           		0.4761654317744023
1.7000000000000002        	0.04726658114121203           		0.4761654317744023
1.8        	0           		0
1.8        	0.03654733292936462           		0
1.8        	0.03654733292936462           		0.39742802673087685
1.8        	0.05043911857692154           		0.39742802673087685
1.8        	0.05043911857692154           		0.6269787347389773
1.8        	0.05043911857692154           		0.6393832078739388
1.8        	0.05043911857692154           		0.6393832078739388
1.8        	0.05043911857692154           		0.6393832078739388
1.8        	0.05043911857692154           		0.6393832078739388
1.8        	0.05043911857692154           		0.6393832078739388
1.8        	0.05043911857692154           		0.6393832078739388
1.9000000000000001        	0           		0
1.9000000000000001        	0.0374765104783423           		0
1.9000000000000001        	0.0374765104783423           		0.4931616151805919
1.9000000000000001        	0.04876260397219015           		0.4931616151805919
1.9000000000000001        	0.04876260397219015           		0.7247647650668582
1.9000000000000001        	0.04876260397219015           		0.7452877964842441
1.9000000000000001        	0.04876260397219015           		0.7452877964842441
1.9000000000000001        	0.04876260397219015           		0.7452877964842441
1.9000000000000001        	0.04876260397219015           		0.7452877964842441
1.9000000000000001        	0.04876260397219015           		0.7452877964842441
1.9000000000000001        	0.04876260397219015           		0.7452877964842441
2.0        	0           		0
2.0        	0.004599337047495147           		0
2.0        	0.035781544169534496           		0
2.0        	0.038670790769964665           		0
2.0        	0.04083901933853906           		0
2.0        	0.04083901933853906           		0.7761362338342039
2.0        	0.04083901933853906           		0.7761362338342039
2.0        	0.04083901933853906           		0.7761362338342039
2.0        	0.04083901933853906           		0.7761362338342039
2.0        	0.04083901933853906           		0.7761362338342039
2.0        	0.04083901933853906           		0.7761362338342039
2.1        	0           		0
2.1        	0.0073978731757062335           		0
2.1        	0.019698235005493787           		0
2.1        	0.03684337779022634           		0
2.1        	0.037847006130777835           		0
2.1        	0.037847006130777835           		0.7278966407913533
2.1        	0.037847006130777835           		0.7278966407913533
2.1        	0.037847006130777835           		0.7278966407913533
2.1        	0.04551864573328022           		0.7278966407913533
2.1        	0.04551864573328022           		0.7278966407913533
2.1        	0.04551864573328022           		0.7278966407913533
2.2        	0           		0
2.2        	0.008462146047101311           		0
2.2        	0.01443394116475216           		0
2.2        	0.03608821346120767           		0
2.2        	0.03608821346120767           		0.6085138664286279
2.2        	0.03608821346120767           		0.6090930432266765
2.2        	0.03608821346120767           		0.6090930432266765
2.2        	0.040716142508174506           		0.6090930432266765
2.2        	0.046775829641525324           		0.6090930432266765
2.2        	0.046775829641525324           		0.6090930432266765
2.2        	0.046775829641525324           		0.6090930432266765
2.3000000000000003        	0           		0
2.3000000000000003        	0.01866124962736704           		0
2.3000000000000003        	0.01866124962736704           		0.3002898468813307
2.3000000000000003        	0.02575237033212042           		0.3002898468813307
2.3000000000000003        	0.02575237033212042           		0.43393129533499575
2.3000000000000003        	0.02575237033212042           		0.43393129533499575
2.3000000000000003        	0.028637205689988825           		0.43393129533499575
2.3000000000000003        	0.04247404862263949           		0.43393129533499575
2.3000000000000003        	0.043389427027829996           		0.43393129533499575
2.3000000000000003        	0.043389427027829996           		0.43393129533499575
2.3000000000000003        	0.043389427027829996           		0.43393129533499575
2.4000000000000004        	0           		0
2.4000000000000004        	0.00863333719030123           		0
2.4000000000000004        	0.01462563327988479           		0
2.4000000000000004        	0.01462563327988479           		0.20378739579402474
2.4000000000000004        	0.01462563327988479           		0.2195477627271549
2.4000000000000004        	0.018530976341452003           		0.2195477627271549
2.4000000000000004        	0.033408090572737234           		0.2195477627271549
2.4000000000000004        	0.039908027295248547           		0.2195477627271549
2.4000000000000004        	0.039908027295248547           		0.2195477627271549
2.4000000000000004        	0.039908027295248547           		0.2195477627271549
2.4000000000000004        	0.039908027295248547           		0.2195477627271549
2.5        	0           		0
2.5        	0.004428185786967833           		0
2.5        	0.004428185786967833           		0.00216454103046011
2.5        	0.005654903096394723           		0.00216454103046011
2.5        	0.015429769886529582           		0.00216454103046011
2.5        	0.027731045937118178           		0.00216454103046011
2.5        	0.0347113923893141           		0.00216454103046011
2.5        	0.0347113923893141           		0.033389554642571644
2.5        	0.0347113923893141           		0.033389554642571644
2.5        	0.0347113923893141           		0.033389554642571644
2.5        	0.0347113923893141           		0.033389554642571644
2.6        	0           		0
2.6        	0.006515229006360732           		0
2.6        	0.008780920198962077           		0
2.6        	0.017276029772555535           		0
2.6        	0.027728068299733857           		0
2.6        	0.03424694866877069           		0
2.6        	0.03424694866877069           		0.2548835703827548
2.6        	0.03424694866877069           		0.2548835703827548
2.6        	0.03424694866877069           		0.2548835703827548
2.6        	0.03424694866877069           		0.2548835703827548
2.6        	0.03424694866877069           		0.2548835703827548
2.7        	0           		0
2.7        	0.0040496195696924095           		0
2.7        	0.014074193838885462           		0
2.7        	0.028357400956795488           		0
2.7        	0.03797427369039915           		0
2.7        	0.03797427369039915           		0.47777183788414734
2.7        	0.03797427369039915           		0.47777183788414734
2.7        	0.03797427369039915           		0.47777183788414734
2.7        	0.03797427369039915           		0.47777183788414734
2.7        	0.03797427369039915           		0.47777183788414734
2.7        	0.03797427369039915           		0.47777183788414734
2.8000000000000003        	0           		0
2.8000000000000003        	0.0064728408279395855           		0
2.8000000000000003        	0.01809224290736985           		0
2.8000000000000003        	0.03827337406085119           		0
2.8000000000000003        	0.04387997966976651           		0
2.8000000000000003        	0.04387997966976651           		0.6426987402096269
2.8000000000000003        	0.04387997966976651           		0.6426987402096269
2.8000000000000003        	0.04387997966976651           		0.6426987402096269
2.8000000000000003        	0.04387997966976651           		0.6426987402096269
2.8000000000000003        	0.04387997966976651           		0.6426987402096269
2.8000000000000003        	0.04387997966976651           		0.6426987402096269
2.9000000000000004        	0           		0
2.9000000000000004        	0.011716879613357213           		0
2.9000000000000004        	0.02314485806466159           		0
2.9000000000000004        	0.04403400086750194           		0
2.9000000000000004        	0.04505897817116044           		0
2.9000000000000004        	0.04505897817116044           		0.7449544056728667
2.9000000000000004        	0.04505897817116044           		0.7449544056728667
2.9000000000000004        	0.04505897817116044           		0.7449544056728667
2.9000000000000004        	0.04505897817116044           		0.7449544056728667
2.9000000000000004        	0.04505897817116044           		0.7449544056728667
2.9000000000000004        	0.04505897817116044           		0.7449544056728667
3.0        	0           		0
3.0        	0.013501004943327663           		0
3.0        	0.026368145982432513           		0
3.0        	0.044539768755621455           		0
3.0        	0.044539768755621455           		0.7621064946562711
3.0        	0.044539768755621455           		0.774348602508489
3.0        	0.044539768755621455           		0.774348602508489
3.0        	0.044539768755621455           		0.774348602508489
3.0        	0.044539768755621455           		0.774348602508489
3.0        	0.044539768755621455           		0.774348602508489
3.0        	0.044539768755621455           		0.774348602508489
3.1        	0           		0
3.1        	0.01152246500069423           		0
3.1        	0.02548069092953724           		0
3.1        	0.04078541098097896           		0
3.1        	0.04078541098097896           		0.7200542377824845
3.1        	0.04078541098097896           		0.7278258492290609
3.1        	0.04078541098097896           		0.7278258492290609
3.1        	0.04078541098097896           		0.7278258492290609
3.1        	0.04551520927807196           		0.7278258492290609
3.1        	0.04551520927807196           		0.7278258492290609
3.1        	0.04551520927807196           		0.7278258492290609
3.2        	0           		0
3.2        	0.009252552815424897           		0
3.2        	0.02159872353484198           		0
3.2        	0.0335690166101821           		0
3.2        	0.0335690166101821           		0.6074001045416514
3.2        	0.0335690166101821           		0.6100158248665221
3.2        	0.0335690166101821           		0.6100158248665221
3.2        	0.04079232983178647           		0.6100158248665221
3.2        	0.046740452207146906           		0.6100158248665221
3.2        	0.046740452207146906           		0.6100158248665221
3.2        	0.046740452207146906           		0.6100158248665221
3.3000000000000003        	0           		0
3.3000000000000003        	0.007605438282059066           		0
3.3000000000000003        	0.016384536489043644           		0
3.3000000000000003        	0.023078461493678235           		0
3.3000000000000003        	0.023078461493678235           		0.43513879798527894
3.3000000000000003        	0.023078461493678235           		0.43513879798527894
3.3000000000000003        	0.028890678784158207           		0.43513879798527894
3.3000000000000003        	0.042405912477913275           		0.43513879798527894
3.3000000000000003        	0.04338858914385203           		0.43513879798527894
3.3000000000000003        	0.04338858914385203           		0.43513879798527894
3.3000000000000003        	0.04338858914385203           		0.43513879798527894
3.4000000000000004        	0           		0
3.4000000000000004        	0.005020747758829195           		0
3.4000000000000004        	0.009968443182666589           		0
3.4000000000000004        	0.010041379714564237           		0
3.4000000000000004        	0.010041379714564237           		0.22032904360973715
3.4000000000000004        	0.018992164019496768           		0.22032904360973715
3.4000000000000004        	0.033368434079329115           		0.22032904360973715
3.4000000000000004        	0.03986526795378168           		0.22032904360973715
3.4000000000000004        	0.03986526795378168           		0.22032904360973715
3.4000000000000004        	0.03986526795378168           		0.22032904360973715
3.4000000000000004        	0.03986526795378168           		0.22032904360973715
3.5        	0           		0
3.5        	0.0010625836541411455           		0
3.5        	0.0022019590158102887           		0
3.5        	0.004019340130723495           		0
3.5        	0.015964189563662662           		0
3.5        	0.027863000814089513           		0
3.5        	0.03458034954982412           		0
3.5        	0.03458034954982412           		0.033419468037794435
3.5        	0.03458034954982412           		0.033419468037794435
3.5        	0.03458034954982412           		0.033419468037794435
3.5        	0.03458034954982412           		0.033419468037794435
3.6        	0           		0
3.6        	0.0030404522494230286           		0
3.6        	0.006057931006280046           		0
3.6        	0.01753559856730543           		0
3.6        	0.02821810675337541           		0
3.6        	0.034022902761796654           		0
3.6        	0.034022902761796654           		0.2548911923416292
3.6        	0.034022902761796654           		0.2548911923416292
3.6        	0.034022902761796654           		0.2548911923416292
3.6        	0.034022902761796654           		0.2548911923416292
3.6        	0.034022902761796654           		0.2548911923416292
3.7        	0           		0
3.7        	0.006367975818629451           		0
3.7        	0.013558335511159826           		0
3.7        	0.029295985268914776           		0
3.7        	0.03775530740095657           		0
3.7        	0.03775530740095657           		0.4776791583371752
3.7        	0.03775530740095657           		0.4776791583371752
3.7        	0.03775530740095657           		0.4776791583371752
3.7        	0.03775530740095657           		0.4776791583371752
3.7        	0.03775530740095657           		0.4776791583371752
3.7        	0.03775530740095657           		0.4776791583371752
3.8000000000000003        	0           		0
3.8000000000000003        	0.008974790542036079           		0
3.8000000000000003        	0.019555736088585865           		0
3.8000000000000003        	0.03826569844107236           		0
3.8000000000000003        	0.04359299803630807           		0
3.8000000000000003        	0.04359299803630807           		0.642804568688241
3.8000000000000003        	0.04359299803630807           		0.642804568688241
3.8000000000000003        	0.04359299803630807           		0.642804568688241
3.8000000000000003        	0.04359299803630807           		0.642804568688241
3.8000000000000003        	0.04359299803630807           		0.642804568688241
3.8000000000000003        	0.04359299803630807           		0.642804568688241
3.9000000000000004        	0           		0
3.9000000000000004        	0.010948426835653067           		0
3.9000000000000004        	0.023705703234413775           		0
3.9000000000000004        	0.043519460986105894           		0
3.9000000000000004        	0.04513937183708399           		0
3.9000000000000004        	0.04513937183708399           		0.7450131983273487
3.9000000000000004        	0.04513937183708399           		0.7450131983273487
3.9000000000000004        	0.04513937183708399           		0.7450131983273487
3.9000000000000004        	0.04513937183708399           		0.7450131983273487
3.9000000000000004        	0.04513937183708399           		0.7450131983273487
3.9000000000000004        	0.04513937183708399           		0.7450131983273487
4.0        	0           		0
4.0        	0.011939548124570048           		0
4.0        	0.025639835857229978           		0
4.0        	0.044475126865332504           		0
4.0        	0.044475126865332504           		0.762266898269329
4.0        	0.044475126865332504           		0.774300092463254
4.0        	0.044475126865332504           		0.774300092463254
4.0        	0.044475126865332504           		0.774300092463254
4.0        	0.044475126865332504           		0.774300092463254
4.0        	0.044475126865332504           		0.774300092463254
4.0        	0.044475126865332504           		0.774300092463254
4.1000000000000005        	0           		0
4.1000000000000005        	0.011642263662449146           		0
4.1000000000000005        	0.025041700933964954           		0
4.1000000000000005        	0.0410571731016889           		0
4.1000000000000005        	0.0410571731016889           		0.720030313522008
4.1000000000000005        	0.0410571731016889           		0.7277907837828922
4.1000000000000005        	0.0410571731016889           		0.7277907837828922
4.1000000000000005        	0.0410571731016889           		0.7277907837828922
4.1000000000000005        	0.04551574671104415           		0.7277907837828922
4.1000000000000005        	0.04551574671104415           		0.7277907837828922
4.1000000000000005        	0.04551574671104415           		0.7277907837828922
4.2        	0           		0
4.2        	0.010140456204686255           		0
4.2        	0.02193287119758171           		0
4.2        	0.033638499539651           		0
4.2        	0.033638499539651           		0.6073134365844971
4.2        	0.033638499539651           		0.6100373134502071
4.2        	0.033638499539651           		0.6100373134502071
4.2        	0.040795711957634435           		0.6100373134502071
4.2        	0.046739632298509914           		0.6100373134502071
4.2        	0.046739632298509914           		0.6100373134502071
4.2        	0.046739632298509914           		0.6100373134502071
4.3        	0           		0
4.3        	0.007701354679956375           		0
4.3        	0.016681679165768022           		0
4.3        	0.022939712484313774           		0
4.3        	0.022939712484313774           		0.43514204187442895
4.3        	0.022939712484313774           		0.43514204187442895
4.3        	0.02889864353374862           		0.43514204187442895
4.3        	0.04240509125925966           		0.43514204187442895
4.3        	0.043388272819749045           		0.43514204187442895
4.3        	0.043388272819749045           		0.43514204187442895
4.3        	0.043388272819749045           		0.43514204187442895
4.4        	0           		0
4.4        	0.004550572950779626           		0
4.4        	0.009830058817636302           		0
4.4        	0.009987025004920762           		0
4.4        	0.009987025004920762           		0.22037466839559428
4.4        	0.01900129175278203           		0.22037466839559428
4.4        	0.03337075747475451           		0.22037466839559428
4.4        	0.039863535728937194           		0.22037466839559428
4.4        	0.039863535728937194           		0.22037466839559428
4.4        	0.039863535728937194           		0.22037466839559428
4.4        	0.039863535728937194           		0.22037466839559428
4.5        	0           		0
4.5        	0.0009303615939282549           		0
4.5        	0.002017715814202709           		0
4.5        	0.003950869358799053           		0
4.5        	0.015961259150576373           		0
4.5        	0.027874104462015437           		0
4.5        	0.034576524293616           		0
4.5        	0.034576524293616           		0.033419750871295735
4.5        	0.034576524293616           		0.033419750871295735
4.5        	0.034576524293616           		0.033419750871295735
4.5        	0.034576524293616           		0.033419750871295735
4.6000000000000005        	0           		0
4.6000000000000005        	0.0028064780817120107           		0
4.6000000000000005        	0.00600931147641145           		0
4.6000000000000005        	0.01749834096866373           		0
4.6000000000000005        	0.02824162075133237           		0
4.6000000000000005        	0.03401923921850268           		0
4.6000000000000005        	0.03401923921850268           		0.2548897156056797
4.6000000000000005        	0.03401923921850268           		0.2548897156056797
4.6000000000000005        	0.03401923921850268           		0.2548897156056797
4.6000000000000005        	0.03401923921850268           		0.2548897156056797
4.6000000000000005        	0.03401923921850268           		0.2548897156056797
4.7        	0           		0
4.7        	0.0062590829566787345           		0
4.7        	0.01345093930159558           		0
4.7        	0.029328542439368898           		0
4.7        	0.037759112190662344           		0
4.7        	0.037759112190662344           		0.47767315646936753
4.7        	0.037759112190662344           		0.47767315646936753
4.7        	0.037759112190662344           		0.47767315646936753
4.7        	0.037759112190662344           		0.47767315646936753
4.7        	0.037759112190662344           		0.47767315646936753
4.7        	0.037759112190662344           		0.47767315646936753
4.800000000000001        	0           		0
4.800000000000001        	0.009084273063325411           		0
4.800000000000001        	0.019567090717368788           		0
4.800000000000001        	0.038289369293837076           		0
4.800000000000001        	0.043581101778583944           		0
4.800000000000001        	0.043581101778583944           		0.642805915660189
4.800000000000001        	0.043581101778583944           		0.642805915660189
4.800000000000001        	0.043581101778583944           		0.642805915660189
4.800000000000001        	0.043581101778583944           		0.642805915660189
4.800000000000001        	0.043581101778583944           		0.642805915660189
4.800000000000001        	0.043581101778583944           		0.642805915660189
4.9        	0           		0
4.9        	0.011023473926608938           		0
4.9        	0.023765366721814674           		0
4.9        	0.04350464971796124           		0
4.9        	0.04513627988435632           		0
4.9        	0.04513627988435632           		0.7450163792742562
4.9        	0.04513627988435632           		0.7450163792742562
4.9        	0.04513627988435632           		0.7450163792742562
4.9        	0.04513627988435632           		0.7450163792742562
4.9        	0.04513627988435632           		0.7450163792742562
4.9        	0.04513627988435632           		0.7450163792742562
5.0        	0           		0
5.0        	0.011891790095980072           		0
5.0        	0.02564170305268127           		0
5.0        	0.04446084156136811           		0
5.0        	0.04446084156136811           		0.762272813160705
5.0        	0.04446084156136811           		0.7742996738437729
5.0        	0.04446084156136811           		0.7742996738437729
5.0        	0.04446084156136811           		0.7742996738437729
5.0        	0.04446084156136811           		0.7742996738437729
5.0        	0.04446084156136811           		0.7742996738437729
5.0        	0.04446084156136811           		0.7742996738437729
5.1000000000000005        	0           		0
5.1000000000000005        	0.011595306561277214           		0
5.1000000000000005        	0.02500986676558883           		0
5.1000000000000005        	0.041063531938617594           		0
5.1000000000000005        	0.041063531938617594           		0.720032459211126
5.1000000000000005        	0.041063531938617594           		0.7277891251160525
5.1000000000000005        	0.041063531938617594           		0.7277891251160525
5.1000000000000005        	0.041063531938617594           		0.7277891251160525
5.1000000000000005        	0.04551577568597648           		0.7277891251160525
5.1000000000000005        	0.04551577568597648           		0.7277891251160525
5.1000000000000005        	0.04551577568597648           		0.7277891251160525
5.2        	0           		0
5.2        	0.01015940599639003           		0
5.2        	0.02192777813784448           		0
5.2        	0.03364679464976261           		0
5.2        	0.03364679464976261           		0.6073105468022293
5.2        	0.03364679464976261           		0.6100373910200768
5.2        	0.03364679464976261           		0.6100373910200768
5.2        	0.04079582156267378           		0.6100373910200768
5.2        	0.046739616659774816           		0.6100373910200768
5.2        	0.046739616659774816           		0.6100373910200768
5.2        	0.046739616659774816           		0.6100373910200768
5.300000000000001        	0           		0
5.300000000000001        	0.007728924955150324           		0
5.300000000000001        	0.016698059706855048           		0
5.300000000000001        	0.022937207999002885           		0
5.300000000000001        	0.022937207999002885           		0.43514066915427874
5.300000000000001        	0.022937207999002885           		0.43514066915427874
5.300000000000001        	0.028898816638199515           		0.43514066915427874
5.300000000000001        	0.04240510451666468           		0.43514066915427874
5.300000000000001        	0.04338825747736694           		0.43514066915427874
5.300000000000001        	0.04338825747736694           		0.43514066915427874
5.300000000000001        	0.04338825747736694           		0.43514066915427874
5.4        	0           		0
5.4        	0.004544173975903492           		0
5.4        	0.009834803266016184           		0
5.4        	0.009982355571385335           		0
5.4        	0.009982355571385335           		0.22037605372967986
5.4        	0.01900126323881923           		0.22037605372967986
5.4        	0.03337091585308059           		0.22037605372967986
5.4        	0.03986348183426075           		0.22037605372967986
5.4        	0.03986348183426075           		0.22037605372967986
5.4        	0.03986348183426075           		0.22037605372967986
5.4        	0.03986348183426075           		0.22037605372967986
5.5        	0           		0
5.5        	0.0009149175923742051           		0
5.5        	0.00200957524399805           		0
5.5        	0.003950025603192022           		0
5.5        	0.015960424213801415           		0
5.5        	0.027874537819665188           		0
5.5        	0.03457644872676594           		0
5.5        	0.03457644872676594           		0.03341974051596638
5.5        	0.03457644872676594           		0.03341974051596638
5.5        	0.03457644872676594           		0.03341974051596638
5.5        	0.03457644872676594           		0.03341974051596638
5.6000000000000005        	0           		0
5.6000000000000005        	0.0028050629433849124           		0
5.6000000000000005        	0.006012804450538634           		0
5.6000000000000005        	0.01749578103172141           		0
5.6000000000000005        	0.028242270567131002           		0
5.6000000000000005        	0.0340192875750209           		0
5.6000000000000005        	0.0340192875750209           		0.25488963007220716
5.6000000000000005        	0.0340192875750209           		0.25488963007220716
5.6000000000000005        	0.0340192875750209           		0.25488963007220716
5.6000000000000005        	0.0340192875750209           		0.25488963007220716
5.6000000000000005        	0.0340192875750209           		0.25488963007220716
5.7        	0           		0
5.7        	0.00625075228018477           		0
5.7        	0.013447035848312819           		0
5.7        	0.02932872796049119           		0
5.7        	0.037759602462935034           		0
5.7        	0.037759602462935034           		0.4776729387510358
5.7        	0.037759602462935034           		0.4776729387510358
5.7        	0.037759602462935034           		0.4776729387510358
5.7        	0.037759602462935034           		0.4776729387510358
5.7        	0.037759602462935034           		0.4776729387510358
5.7        	0.037759602462935034           		0.4776729387510358
5.800000000000001        	0           		0
5.800000000000001        	0.009083996196724325           		0
5.800000000000001        	0.019564790831309648           		0
5.800000000000001        	0.038290740133803125           		0
5.800000000000001        	0.0435808049438698           		0
5.800000000000001        	0.0435808049438698           		0.6428058743048438
5.800000000000001        	0.0435808049438698           		0.6428058743048438
5.800000000000001        	0.0435808049438698           		0.6428058743048438
5.800000000000001        	0.0435808049438698           		0.6428058743048438
5.800000000000001        	0.0435808049438698           		0.6428058743048438
5.800000000000001        	0.0435808049438698           		0.6428058743048438
5.9        	0           		0
5.9        	0.011027824146689293           		0
5.9        	0.02376716557974291           		0
5.9        	0.04350468904694149           		0
5.9        	0.045135999557539025           		0
5.9        	0.045135999557539025           		0.7450164874913926
5.9        	0.045135999557539025           		0.7450164874913926
5.9        	0.045135999557539025           		0.7450164874913926
5.9        	0.045135999557539025           		0.7450164874913926
5.9        	0.045135999557539025           		0.7450164874913926
5.9        	0.045135999557539025           		0.7450164874913926
6.0        	0           		0
6.0        	0.011892451323495591           		0
6.0        	0.025643117868650582           		0
6.0        	0.0444601232661568           		0
6.0        	0.0444601232661568           		0.762272944181455
6.0        	0.0444601232661568           		0.7742997031346833
6.0        	0.0444601232661568           		0.7742997031346833
6.0        	0.0444601232661568           		0.7742997031346833
6.0        	0.0444601232661568           		0.7742997031346833
6.0        	0.0444601232661568           		0.7742997031346833
6.0        	0.0444601232661568           		0.7742997031346833
6.1000000000000005        	0           		0
6.1000000000000005        	0.011593101241527157           		0
6.1000000000000005        	0.02500907680668533           		0
6.1000000000000005        	0.041063440532651874           		0
6.1000000000000005        	0.041063440532651874           		0.7200326160980973
6.1000000000000005        	0.041063440532651874           		0.7277890719020045
6.1000000000000005        	0.041063440532651874           		0.7277890719020045
6.1000000000000005        	0.041063440532651874           		0.7277890719020045
6.1000000000000005        	0.045515776791638304           		0.7277890719020045
6.1000000000000005        	0.045515776791638304           		0.7277890719020045
6.1000000000000005        	0.045515776791638304           		0.7277890719020045
6.2        	0           		0
6.2        	0.010158806305768426           		0
6.2        	0.02192694800640796           		0
6.2        	0.033647163251846524           		0
6.2        	0.033647163251846524           		0.6073104916692013
6.2        	0.033647163251846524           		0.6100373720734565
6.2        	0.033647163251846524           		0.6100373720734565
6.2        	0.040795824433421016           		0.6100373720734565
6.2        	0.04673961651463546           		0.6100373720734565
6.2        	0.04673961651463546           		0.6100373720734565
6.2        	0.04673961651463546           		0.6100373720734565
6.300000000000001        	0           		0
6.300000000000001        	0.007730011248945143           		0
6.300000000000001        	0.01669838466231608           		0
6.300000000000001        	0.022937291718006556           		0
6.300000000000001        	0.022937291718006556           		0.4351405829308208
6.300000000000001        	0.022937291718006556           		0.4351405829308208
6.300000000000001        	0.028898818186549054           		0.4351405829308208
6.300000000000001        	0.04240510602305585           		0.4351405829308208
6.300000000000001        	0.04338825691503346           		0.4351405829308208
6.300000000000001        	0.04338825691503346           		0.4351405829308208
6.300000000000001        	0.04338825691503346           		0.4351405829308208
6.4        	0           		0
6.4        	0.004544608557841383           		0
6.4        	0.009835273144981727           		0
6.4        	0.009982170308584662           		0
6.4        	0.009982170308584662           		0.22037607528155587
6.4        	0.019001251627047567           		0.22037607528155587
6.4        	0.03337092225807566           		0.22037607528155587
6.4        	0.039863480492780365           		0.22037607528155587
6.4        	0.039863480492780365           		0.22037607528155587
6.4        	0.039863480492780365           		0.22037607528155587
6.4        	0.039863480492780365           		0.22037607528155587
6.5        	0           		0
6.5        	0.0009143981520832172           		0
6.5        	0.0020094546519606555           		0
6.5        	0.003950087164753271           		0
6.5        	0.015960377580292034           		0
6.5        	0.02787455024297842           		0
6.5        	0.034576448385454775           		0
6.5        	0.034576448385454775           		0.03341973966826544
6.5        	0.034576448385454775           		0.03341973966826544
6.5        	0.034576448385454775           		0.03341973966826544
6.5        	0.034576448385454775           		0.03341973966826544
6.6000000000000005        	0           		0
6.6000000000000005        	0.002805345990083682           		0
6.6000000000000005        	0.006013062787327077           		0
6.6000000000000005        	0.017495689898641524           		0
6.6000000000000005        	0.028242277937258073           		0
6.6000000000000005        	0.03401929443862421           		0
6.6000000000000005        	0.03401929443862421           		0.25488962680234983
6.6000000000000005        	0.03401929443862421           		0.25488962680234983
6.6000000000000005        	0.03401929443862421           		0.25488962680234983
6.6000000000000005        	0.03401929443862421           		0.25488962680234983
6.6000000000000005        	0.03401929443862421           		0.25488962680234983
6.7        	0           		0
6.7        	0.0062505119015258325           		0
6.7        	0.013446999484441535           		0
6.7        	0.02932868717974149           		0
6.7        	0.03775962731682992           		0
6.7        	0.03775962731682992           		0.47767293287027734
6.7        	0.03775962731682992           		0.47767293287027734
6.7        	0.03775962731682992           		0.47767293287027734
6.7        	0.03775962731682992           		0.47767293287027734
6.7        	0.03775962731682992           		0.47767293287027734
6.7        	0.03775962731682992           		0.47767293287027734
6.800000000000001        	0           		0
6.800000000000001        	0.009083823393335393           		0
6.800000000000001        	0.019564652279230963           		0
6.800000000000001        	0.038290783933885           		0
6.800000000000001        	0.04358080314953568           		0
6.800000000000001        	0.04358080314953568           		0.6428058703532246
6.800000000000001        	0.04358080314953568           		0.6428058703532246
6.800000000000001        	0.04358080314953568           		0.6428058703532246
6.800000000000001        	0.04358080314953568           		0.6428058703532246
6.800000000000001        	0.04358080314953568           		0.6428058703532246
6.800000000000001        	0.04358080314953568           		0.6428058703532246
6.9        	0           		0
6.9        	0.011027931129533146           		0
6.9        	0.02376717054862018           		0
6.9        	0.043504714410577995           		0
6.9        	0.045135986493623055           		0
6.9        	0.045135986493623055           		0.745016490228142
6.9        	0.045135986493623055           		0.745016490228142
6.9        	0.045135986493623055           		0.745016490228142
6.9        	0.045135986493623055           		0.745016490228142
6.9        	0.045135986493623055           		0.745016490228142
6.9        	0.045135986493623055           		0.745016490228142
7.0        	0           		0
7.0        	0.011892552206026202           		0
7.0        	0.02564319055276591           		0
7.0        	0.04446010276168455           		0
7.0        	0.04446010276168455           		0.7622729440471948
7.0        	0.04446010276168455           		0.7742997053639034
7.0        	0.04446010276168455           		0.7742997053639034
7.0        	0.04446010276168455           		0.7742997053639034
7.0        	0.04446010276168455           		0.7742997053639034
7.0        	0.04446010276168455           		0.7742997053639034
7.0        	0.04446010276168455           		0.7742997053639034
7.1000000000000005        	0           		0
7.1000000000000005        	0.011593055986773213           		0
7.1000000000000005        	0.025009081419707754           		0
7.1000000000000005        	0.04106342542820005           		0
7.1000000000000005        	0.04106342542820005           		0.7200326228732081
7.1000000000000005        	0.04106342542820005           		0.7277890706550172
7.1000000000000005        	0.04106342542820005           		0.7277890706550172
7.1000000000000005        	0.04106342542820005           		0.7277890706550172
7.1000000000000005        	0.045515776826638335           		0.7277890706550172
7.1000000000000005        	0.045515776826638335           		0.7277890706550172
7.1000000000000005        	0.045515776826638335           		0.7277890706550172
7.2        	0           		0
7.2        	0.010158749364929926           		0
7.2        	0.02192691065100878           		0
7.2        	0.0336471725532069           		0
7.2        	0.0336471725532069           		0.607310492290101
7.2        	0.0336471725532069           		0.6100373708365601
7.2        	0.0336471725532069           		0.6100373708365601
7.2        	0.04079582448736092           		0.6100373708365601
7.2        	0.04673961652155353           		0.6100373708365601
7.2        	0.04673961652155353           		0.6100373708365601
7.2        	0.04673961652155353           		0.6100373708365601
7.300000000000001        	0           		0
7.300000000000001        	0.007730029021158941           		0
7.300000000000001        	0.0166983786308126           		0
7.300000000000001        	0.022937300424679848           		0
7.300000000000001        	0.022937300424679848           		0.43514057946382323
7.300000000000001        	0.022937300424679848           		0.43514057946382323
7.300000000000001        	0.02889881809473918           		0.43514057946382323
7.300000000000001        	0.04240510609545512           		0.43514057946382323
7.300000000000001        	0.04338825689788124           		0.43514057946382323
7.300000000000001        	0.04338825689788124           		0.43514057946382323
7.300000000000001        	0.04338825689788124           		0.43514057946382323
7.4        	0           		0
7.4        	0.004544639836812658           		0
7.4        	0.009835291966616378           		0
7.4        	0.009982166256003787           		0
7.4        	0.009982166256003787           		0.2203760746781798
7.4        	0.019001250950340453           		0.2203760746781798
7.4        	0.033370922463343125           		0.2203760746781798
7.4        	0.03986348047022204           		0.2203760746781798
7.4        	0.03986348047022204           		0.2203760746781798
7.4        	0.03986348047022204           		0.2203760746781798
7.4        	0.03986348047022204           		0.2203760746781798
7.5        	0           		0
7.5        	0.0009143920168241709           		0
7.5        	0.0020094595829193004           		0
7.5        	0.003950092054873551           		0
7.5        	0.015960375830166927           		0
7.5        	0.02787455047898385           		0
7.5        	0.034576448445903095           		0
7.5        	0.034576448445903095           		0.03341973963020638
7.5        	0.034576448445903095           		0.03341973963020638
7.5        	0.034576448445903095           		0.03341973963020638
7.5        	0.034576448445903095           		0.03341973963020638
7.6000000000000005        	0           		0
7.6000000000000005        	0.0028053627828408772           		0
7.6000000000000005        	0.006013072083452875           		0
7.6000000000000005        	0.0174956882296895           		0
7.6000000000000005        	0.02824227748280981           		0
7.6000000000000005        	0.034019294804285345           		0
7.6000000000000005        	0.034019294804285345           		0.25488962670165183
7.6000000000000005        	0.034019294804285345           		0.25488962670165183
7.6000000000000005        	0.034019294804285345           		0.25488962670165183
7.6000000000000005        	0.034019294804285345           		0.25488962670165183
7.6000000000000005        	0.034019294804285345           		0.25488962670165183
7.7        	0           		0
7.7        	0.006250510346290649           		0
7.7        	0.013447002916048533           		0
7.7        	0.02932868449220743           		0
7.7        	0.03775962818777319           		0
7.7        	0.03775962818777319           		0.47767293277500844
7.7        	0.03775962818777319           		0.47767293277500844
7.7        	0.03775962818777319           		0.47767293277500844
7.7        	0.03775962818777319           		0.47767293277500844
7.7        	0.03775962818777319           		0.47767293277500844
7.7        	0.03775962818777319           		0.47767293277500844
7.800000000000001        	0           		0
7.800000000000001        	0.009083814558482044           		0
7.800000000000001        	0.019564647782855018           		0
7.800000000000001        	0.03829078456257727           		0
7.800000000000001        	0.04358080345532331           		0
7.800000000000001        	0.04358080345532331           		0.642805870157859
7.800000000000001        	0.04358080345532331           		0.642805870157859
7.800000000000001        	0.04358080345532331           		0.642805870157859
7.800000000000001        	0.04358080345532331           		0.642805870157859
7.800000000000001        	0.04358080345532331           		0.642805870157859
7.800000000000001        	0.04358080345532331           		0.642805870157859
7.9        	0           		0
7.9        	0.01102793109560623           		0
7.9        	0.02376716835433865           		0
7.9        	0.04350471585996517           		0
7.9        	0.045135986066794045           		0
7.9        	0.045135986066794045           		0.7450164902631572
7.9        	0.045135986066794045           		0.7450164902631572
7.9        	0.045135986066794045           		0.7450164902631572
7.9        	0.045135986066794045           		0.7450164902631572
7.9        	0.045135986066794045           		0.7450164902631572
7.9        	0.045135986066794045           		0.7450164902631572
8.0        	0           		0
8.0        	0.011892556768546362           		0
8.0        	0.02564319267821224           		0
8.0        	0.044460102562539995           		0
8.0        	0.044460102562539995           		0.7622729438544545
8.0        	0.044460102562539995           		0.7742997054671833
8.0        	0.044460102562539995           		0.7742997054671833
8.0        	0.044460102562539995           		0.7742997054671833
8.0        	0.044460102562539995           		0.7742997054671833
8.0        	0.044460102562539995           		0.7742997054671833
8.0        	0.044460102562539995           		0.7742997054671833
8.1        	0           		0
8.1        	0.011593056430319937           		0
8.1        	0.025009082749461384           		0
8.1        	0.04106342465972131           		0
8.1        	0.04106342465972131           		0.7200326230788697
8.1        	0.04106342465972131           		0.7277890706444285
8.1        	0.04106342465972131           		0.7277890706444285
8.1        	0.04106342465972131           		0.7277890706444285
8.1        	0.045515776827544464           		0.7277890706444285
8.1        	0.045515776827544464           		0.7277890706444285
8.1        	0.045515776827544464           		0.7277890706444285
8.200000000000001        	0           		0
8.200000000000001        	0.010158747050100258           		0
8.200000000000001        	0.02192690967260121           		0
8.200000000000001        	0.03364717258975199           		0
8.200000000000001        	0.03364717258975199           		0.6073104924063933
8.200000000000001        	0.03364717258975199           		0.6100373707825134
8.200000000000001        	0.03364717258975199           		0.6100373707825134
8.200000000000001        	0.040795824487537255           		0.6100373707825134
8.200000000000001        	0.04673961652210148           		0.6100373707825134
8.200000000000001        	0.04673961652210148           		0.6100373707825134
8.200000000000001        	0.04673961652210148           		0.6100373707825134
8.3        	0           		0
8.3        	0.007730028579216368           		0
8.3        	0.01669837785503825           		0
8.3        	0.022937300825754427           		0
8.3        	0.022937300825754427           		0.4351405793666335
8.3        	0.022937300825754427           		0.4351405793666335
8.3        	0.028898818087321154           		0.4351405793666335
8.3        	0.042405106098144234           		0.4351405793666335
8.3        	0.04338825689745795           		0.4351405793666335
8.3        	0.04338825689745795           		0.4351405793666335
8.3        	0.04338825689745795           		0.4351405793666335
8.4        	0           		0
8.4        	0.004544640990878783           		0
8.4        	0.009835292402614864           		0
8.4        	0.009982166271547448           		0
8.4        	0.009982166271547448           		0.22037607461021938
8.4        	0.019001250922341437           		0.22037607461021938
8.4        	0.03337092246858488           		0.22037607461021938
8.4        	0.039863480470302186           		0.22037607461021938
8.4        	0.039863480470302186           		0.22037607461021938
8.4        	0.039863480470302186           		0.22037607461021938
8.4        	0.039863480470302186           		0.22037607461021938
8.5        	0           		0
8.5        	0.0009143923495295994           		0
8.5        	0.00200946002254964           		0
8.5        	0.003950092261061878           		0
8.5        	0.015960375785285467           		0
8.5        	0.027874550477747426           		0
8.5        	0.03457644845005512           		0
8.5        	0.03457644845005512           		0.03341973962884549
8.5        	0.03457644845005512           		0.03341973962884549
8.5        	0.03457644845005512           		0.03341973962884549
8.5        	0.03457644845005512           		0.03341973962884549
8.6        	0           		0
8.6        	0.0028053633479606234           		0
8.6        	0.006013072269618476           		0
8.6        	0.017495688255295135           		0
8.6        	0.02824227744407349           		0
8.6        	0.03401929481864539           		0
8.6        	0.03401929481864539           		0.25488962669923937
8.6        	0.03401929481864539           		0.25488962669923937
8.6        	0.03401929481864539           		0.25488962669923937
8.6        	0.03401929481864539           		0.25488962669923937
8.6        	0.03401929481864539           		0.25488962669923937
8.700000000000001        	0           		0
8.700000000000001        	0.006250510568438833           		0
8.700000000000001        	0.01344700315941006           		0
8.700000000000001        	0.029328684387771326           		0
8.700000000000001        	0.03775962820791157           		0
8.700000000000001        	0.03775962820791157           		0.47767293277669204
8.700000000000001        	0.03775962820791157           		0.47767293277669204
8.700000000000001        	0.03775962820791157           		0.47767293277669204
8.700000000000001        	0.03775962820791157           		0.47767293277669204
8.700000000000001        	0.03775962820791157           		0.47767293277669204
8.700000000000001        	0.03775962820791157           		0.47767293277669204
8.8        	0           		0
8.8        	0.009083814287012016           		0
8.8        	0.01956464770812083           		0
8.8        	0.038290784540516196           		0
8.8        	0.04358080347695527           		0
8.8        	0.04358080347695527           		0.6428058701505698
8.8        	0.04358080347695527           		0.6428058701505698
8.8        	0.04358080347695527           		0.6428058701505698
8.8        	0.04358080347695527           		0.6428058701505698
8.8        	0.04358080347695527           		0.6428058701505698
8.8        	0.04358080347695527           		0.6428058701505698
8.9        	0           		0
8.9        	0.011027930957114728           		0
8.9        	0.023767168222267217           		0
8.9        	0.043504715912072285           		0
8.9        	0.045135986058095254           		0
8.9        	0.045135986058095254           		0.7450164902617562
8.9        	0.045135986058095254           		0.7450164902617562
8.9        	0.045135986058095254           		0.7450164902617562
8.9        	0.045135986058095254           		0.7450164902617562
8.9        	0.045135986058095254           		0.7450164902617562
8.9        	0.045135986058095254           		0.7450164902617562
9.0        	0           		0
9.0        	0.011892556896198125           		0
9.0        	0.02564319270529818           		0
9.0        	0.044460102578306245           		0
9.0        	0.044460102578306245           		0.7622729438425834
9.0        	0.044460102578306245           		0.7742997054708435
9.0        	0.044460102578306245           		0.7742997054708435
9.0        	0.044460102578306245           		0.7742997054708435
9.0        	0.044460102578306245           		0.7742997054708435
9.0        	0.044460102578306245           		0.7742997054708435
9.0        	0.044460102578306245           		0.7742997054708435
9.1        	0           		0
9.1        	0.011593056512815988           		0
9.1        	0.02500908281990055           		0
9.1        	0.04106342463412917           		0
9.1        	0.04106342463412917           		0.7200326230824278
9.1        	0.04106342463412917           		0.7277890706454192
9.1        	0.04106342463412917           		0.7277890706454192
9.1        	0.04106342463412917           		0.7277890706454192
9.1        	0.04551577682756154           		0.7277890706454192
9.1        	0.04551577682756154           		0.7277890706454192
9.1        	0.04551577682756154           		0.7277890706454192
9.200000000000001        	0           		0
9.200000000000001        	0.010158746991554031           		0
9.200000000000001        	0.021926909664690013           		0
9.200000000000001        	0.033647172579481126           		0
9.200000000000001        	0.033647172579481126           		0.6073104924128084
9.200000000000001        	0.033647172579481126           		0.6100373707806964
9.200000000000001        	0.033647172579481126           		0.6100373707806964
9.200000000000001        	0.04079582448748735           		0.6100373707806964
9.200000000000001        	0.04673961652212674           		0.6100373707806964
9.200000000000001        	0.04673961652212674           		0.6100373707806964
9.200000000000001        	0.04673961652212674           		0.6100373707806964
9.3        	0           		0
9.3        	0.007730028531678342           		0
9.3        	0.016698377818058156           		0
9.3        	0.022937300838111886           		0
9.3        	0.022937300838111886           		0.4351405793653005
9.3        	0.022937300838111886           		0.4351405793653005
9.3        	0.028898818086960976           		0.4351405793653005
9.3        	0.04240510609822828           		0.4351405793653005
9.3        	0.043388256897450794           		0.4351405793653005
9.3        	0.043388256897450794           		0.4351405793653005
9.3        	0.043388256897450794           		0.4351405793653005
9.4        	0           		0
9.4        	0.004544641016916706           		0
9.4        	0.009835292403543482           		0
9.4        	0.009982166277869345           		0
9.4        	0.009982166277869345           		0.22037607460680092
9.4        	0.019001250921450684           		0.22037607460680092
9.4        	0.03337092246866255           		0.22037607460680092
9.4        	0.03986348047033301           		0.22037607460680092
9.4        	0.03986348047033301           		0.22037607460680092
9.4        	0.03986348047033301           		0.22037607460680092
9.4        	0.03986348047033301           		0.22037607460680092
9.5        	0           		0
9.5        	0.0009143923762252027           		0
9.5        	0.0020094600416792514           		0
9.5        	0.003950092266916393           		0
9.5        	0.015960375784865418           		0
9.5        	0.027874550477349446           		0
9.5        	0.034576448450245725           		0
9.5        	0.034576448450245725           		0.03341973962880209
9.5        	0.034576448450245725           		0.03341973962880209
9.5        	0.034576448450245725           		0.03341973962880209
9.5        	0.034576448450245725           		0.03341973962880209
9.600000000000001        	0           		0
9.600000000000001        	0.0028053633590797242           		0
9.600000000000001        	0.006013072268482742           		0
9.600000000000001        	0.017495688259036902           		0
9.600000000000001        	0.02824227744227525           		0
9.600000000000001        	0.03401929481907594           		0
9.600000000000001        	0.03401929481907594           		0.25488962669921467
9.600000000000001        	0.03401929481907594           		0.25488962669921467
9.600000000000001        	0.03401929481907594           		0.25488962669921467
9.600000000000001        	0.03401929481907594           		0.25488962669921467
9.600000000000001        	0.03401929481907594           		0.25488962669921467
9.700000000000001        	0           		0
9.700000000000001        	0.006250510583116386           		0
9.700000000000001        	0.013447003169165812           		0
9.700000000000001        	0.029328684385058434           		0
9.700000000000001        	0.03775962820798761           		0
9.700000000000001        	0.03775962820798761           		0.477672932776929
9.700000000000001        	0.03775962820798761           		0.477672932776929
9.700000000000001        	0.03775962820798761           		0.477672932776929
9.700000000000001        	0.03775962820798761           		0.477672932776929
9.700000000000001        	0.03775962820798761           		0.477672932776929
9.700000000000001        	0.03775962820798761           		0.477672932776929
9.8        	0           		0
9.8        	0.009083814282533765           		0
9.8        	0.019564647709521907           		0
9.8        	0.03829078453836544           		0
9.8        	0.04358080347788943           		0
9.8        	0.04358080347788943           		0.6428058701503648
9.8        	0.04358080347788943           		0.6428058701503648
9.8        	0.04358080347788943           		0.6428058701503648
9.8        	0.04358080347788943           		0.6428058701503648
9.8        	0.04358080347788943           		0.6428058701503648
9.8        	0.04358080347788943           		0.6428058701503648
9.9        	0           		0
9.9        	0.011027930949189314           		0
9.9        	0.023767168217361696           		0
9.9        	0.043504715913295765           		0
9.9        	0.045135986058128935           		0
9.9        	0.045135986058128935           		0.7450164902616189
9.9        	0.045135986058128935           		0.7450164902616189
9.9        	0.045135986058128935           		0.7450164902616189
9.9        	0.045135986058128935           		0.7450164902616189
9.9        	0.045135986058128935           		0.7450164902616189
9.9        	0.045135986058128935           		0.7450164902616189
10.0        	0           		0
10.0        	0.011892556897836687           		0
10.0        	0.025643192704169704           		0
10.0        	0.044460102579514056           		0
10.0        	0.044460102579514056           		0.762272943842104
10.0        	0.044460102579514056           		0.7742997054709392
10.0        	0.044460102579514056           		0.7742997054709392
10.0        	0.044460102579514056           		0.7742997054709392
10.0        	0.044460102579514056           		0.7742997054709392
10.0        	0.044460102579514056           		0.7742997054709392
10.0        	0.044460102579514056           		0.7742997054709392

t = 2x		 		u(x)		   		e(x)
0.0 	0	0.0
0.1 	0.011892556897836687	0.2581074431021634
0.2 	-0.025643192704169704	0.5056431927041698
0.30000000000000004 	-0.044460102579514056	0.674460102579514
0.4 	-0.04227294384210389	0.762272943842104
0.5 	-0.024299705470939188	0.7742997054709392
0.6000000000000001 	0.001575207411128761	0.7184247925888713
0.7000000000000001 	0.026145550149488668	0.6038544498505112
0.8 	0.03983653577004909	0.4401634642299509
0.9 	0.03364126186099203	0.23635873813900793
1.0 	0	0.0
